0
21632
22410
26440
26550
26567
26705
26820
26827
26831
26838
26859
26860
26897
26901
26920
26928
26975
26989
27144
27169
32956
32953
32977
32955
32982
32956
32982
35118
32982
32982
32955
34368
32953
32977
32956
33147
32953
32977
32955
33191
32956
32953
33147
32977
33190
33658
33679
33608
33753
32982
33155
33187
33165
33138
33226
33023
33050
34460
34370
35062
33658
33753
33226
33190
33660
32977
33273
33227
33212
33231
33322
35114
35104
33030
32982
32953
33152
32982
32594
33227
33224
33658
33658
33141
42018
41728
41692
41825
42244
42224
41842
41754
41840
42018
41728
41825
41858
42176
42060
42095
41840
41840
41682
42048
42224
41693
41964
41728
42886
42881
41798
42048
41856
41819
41754
41860
41964
42961
42244
41856
42224
42107
41705
41683
41678
41737
41840
41683
41678
41737
42244
42176
42264
41767
41840
41706
41860
41847
41964
41705
41854
41827
41792
41687
41705
41872
42204
42204
41837
41792
41964
41847
42272
41704
42888
42897
41293
42272
41748
42204
41854
41748
41293
42272
42089
41728
41687
41705
41827
41872
42089
42272
42204
41728
42888
42897

49481
49844
49893
49719
49474
49891
49641
49464
49792
49900
49520
49496
49844
49524
49900
49496
49903
49470
49628
49482
49628
49534
49742
49516
49524
49335
49513
49473
49450
49534
49884
49513
49381
49473
49456
49534
49304
48845
49516
49470
49457
49473
49470
49516
49472
49493
49557
48829
49477
49294
49477
49748
49911
49621
49627
49627
49742
49335
49304
48829
48845
49381
49294
49457
49473
49482
49450
49516
49472
49627
49534
49748
49911
49621
49493
49557
49524
49456
54723
54802
54410
54496
54633
54466
54463
54468
54680
54481
54450
54880
54457
54410
54611
54880
54453
54450
54488
54468
54463
54521
54552
54458
54706
55493
54552
54458
54433
54425
54802
54587
54595
54709
54425
54433
54433
54709
54680
54433
54709
54680
54433
54709
54680
59532
59365
59604
59470
59365
59340
59604
59855
59299
59347
59610
59441
59803
59792
59877
59537
59307
59436
59504
59653
59810
59614
59417
59519
59346
59398
59334
59504
59299
59398
59792
59537
59307
59470
59436
59653
59810
59614
59417
59532
59340
59855
59340
59855
59303
63372
63399
63774
63290
63399
63402
63596
63322
63436
63428
63611
63273
63385
63373
63281
63426
63236
63595
63699
63596
63351
63255
63263
63290
63357
63434
63263
63293
63287
63595
63449
63436
63293
63287
63396
